.Random.seed <-
c(403L, 140L, -1028172765L, 1076120385L, 1644844592L, -1077550002L, 
-1829032775L, 559524043L, -1979435654L, -2017933188L, 1522801855L, 
45734293L, 1135358380L, 403932034L, -1030428323L, 458909783L, 
23994174L, 861669240L, -1301287845L, 262871993L, 173255176L, 
-711184202L, -177936399L, -912985565L, -1960625550L, 2090664132L, 
-240843129L, -1949254051L, 1734352980L, -1196719494L, -1388996155L, 
-1370625249L, -792115546L, -1743792080L, 1002408659L, 2041618673L, 
21007392L, -1163437378L, -331092279L, 1964928123L, 1595671114L, 
-1507985748L, -926977617L, 1080482149L, -1446263012L, -274183310L, 
-1428314131L, -1086224345L, 1874530382L, 533025960L, 1585715883L, 
-2043482167L, 1773634520L, -1378131322L, 1623765857L, -406800653L, 
-15193758L, 1705695188L, 28222167L, -646223667L, 1880580196L, 
1964691018L, 1393433525L, -534206705L, -1647217642L, -615424320L, 
-2062137213L, 775021729L, -1108145520L, 967031150L, 1488164633L, 
186125227L, 292018586L, -1353220772L, -1066527649L, 1069567029L, 
-1040033844L, -1631124702L, 458554749L, -1425305993L, 1050523550L, 
-1930815912L, 1317109691L, -1769238183L, -1886942488L, -432647402L, 
-358558575L, -1943205565L, -830503854L, 1662588644L, 512315687L, 
-1757576835L, 1066190964L, 749415002L, 1148937893L, 1253553343L, 
1643972422L, -341301808L, -1906345997L, 824954641L, 938643264L, 
-2137098466L, 1726081001L, 1225657627L, 811657002L, -1035110324L, 
-2026745841L, -2129716411L, 590318844L, 1804401490L, -1789518643L, 
-1320231801L, -1462212754L, 1424103752L, -842670773L, 1204650153L, 
-1767595528L, -1471868634L, -380022207L, 1461853139L, -673158782L, 
-937714252L, -617666249L, -527942611L, -1694947004L, 43261546L, 
1958680789L, 11433583L, -1600986250L, -76540768L, -1753215645L, 
-1580032511L, -1242833552L, -1684849394L, 1498742649L, 1330675467L, 
-1913946054L, 220696380L, 593882239L, -1444053035L, 462205420L, 
1355842370L, 1344507037L, -3934953L, -1901736834L, -1947671496L, 
908706587L, 188885113L, -1655361336L, 1103632630L, -1524127439L, 
1764958563L, -788843726L, -1914684284L, 1475217607L, 978727837L, 
-729991404L, -41882182L, 325405701L, 1225155039L, 209069158L, 
-1517001744L, 886512915L, 1202586289L, 207236448L, -144088322L, 
-370483575L, 946473403L, 730379146L, 1563056748L, 214143983L, 
-880026587L, 1926530268L, 1119197874L, -1820082771L, -1709276825L, 
259366542L, 267781992L, -564510869L, 1369417993L, -381370472L, 
185059014L, 717788193L, -2054766413L, -957441502L, -1503847404L, 
-1398796137L, 1826218637L, 2000565156L, -1346253430L, 21101045L, 
1557992527L, -623684778L, -1499379200L, -380755133L, -1428512031L, 
-1734217648L, -186298194L, -1155382183L, -476597141L, -1155040806L, 
-1575664996L, -1229677409L, 1711443701L, 586527628L, 1359037026L, 
-1362381251L, 267770039L, -136485026L, -716985704L, -1062815237L, 
-1717607527L, -891012056L, -462705450L, 2056673617L, 1252341763L, 
1481203602L, -615461596L, 221447143L, 1937086525L, -1945139532L, 
1875217690L, 897474149L, 622523135L, -1486428282L, -1330456304L, 
1732880819L, -1799622063L, 853451264L, 651997264L, 144727010L, 
-1405190296L, -148916404L, 201199356L, 749934322L, 1573960960L, 
-1972925324L, -1249292792L, 1718076858L, -203590192L, 1152071660L, 
1310477204L, 298469586L, -826272L, 714542412L, 707302176L, 632437378L, 
-850296344L, -1506001940L, 796589628L, -2124863886L, 113748848L, 
473029924L, 1732229688L, -450498150L, -517182000L, -254573124L, 
1551134356L, -1399659902L, 544562624L, -435112132L, -462638448L, 
1441298210L, -2052737528L, -392625396L, 359039900L, 60464146L, 
-553227392L, -1003578604L, 2093937960L, 107556922L, 573948880L, 
-982582676L, 2062371892L, -427347822L, -2104772256L, 468376908L, 
-1971759648L, -1380033630L, -905978968L, -1600004980L, -46484548L, 
-2140068750L, 1177765872L, 150643780L, -1971533736L, -1982070726L, 
-1773844368L, 453049916L, -438147308L, -1523578174L, 129651424L, 
-1059486596L, 1181764816L, 275764130L, 1438354984L, 517538060L, 
-1866496068L, 1984770354L, -1547839296L, -1827270092L, 454089416L, 
1146421946L, 1092013200L, -1668348180L, -2087037356L, -1139939694L, 
-1949325536L, -1275922484L, -58922784L, -1688383806L, 1216992296L, 
-168453204L, 1041975996L, -855875086L, 1707468336L, 1673197476L, 
-1318436424L, -2060543142L, -1388145520L, 405707644L, -1757405420L, 
479649090L, -1378545920L, -427476036L, 1632575312L, 474734882L, 
-932533688L, -1885005812L, -1717269412L, 854168018L, -1319135744L, 
-1187499692L, 75702504L, -726314758L, -572430640L, 753158444L, 
1044117748L, -468324974L, 491358560L, 194054156L, 1283730144L, 
1963860578L, 1997847208L, -798868916L, 1873659772L, 1201360178L, 
1784424048L, -586630332L, 1114097624L, -166961286L, 1737780784L, 
1215469500L, -725248428L, 1286293570L, 1527922848L, -1719128388L, 
1532840400L, -1342692510L, 1842987752L, -1111539508L, -778452484L, 
513305074L, 700267136L, 2015196660L, -1546410360L, -1557684422L, 
-799718576L, 1686385772L, -1518782060L, -770513838L, 138226144L, 
-71107380L, -1563480928L, 1767691650L, 1743757544L, 1134100204L, 
1623100732L, 1892056178L, 364241008L, -689276892L, -1078744008L, 
487683866L, 442907856L, -873965764L, -1749952620L, 1272335234L, 
-397725248L, -2025697732L, -562190960L, 1546118690L, -1480057592L, 
-1450146164L, 1405474588L, 1558749330L, -1159624320L, 1775558164L, 
-1261891800L, -1130835398L, -1950034480L, 462260588L, 339944372L, 
-1519745006L, -341398048L, 2111832012L, 45277408L, 1479235618L, 
1459831080L, 1156267532L, -1309712580L, -526926862L, 308620016L, 
-559405500L, 1057841752L, 528375610L, -1315260944L, -33976644L, 
-1377511148L, 1079196354L, 119442528L, -1374440580L, 926910416L, 
-594345694L, 1537559208L, -156568692L, 706390204L, -63641806L, 
1450281536L, -1640061772L, 1615034952L, 2061262266L, -1182516720L, 
222268140L, 549505364L, 547733778L, 549666208L, -1994581300L, 
1857388128L, -1529995326L, 704692008L, -1328754772L, -1911606468L, 
1245481330L, -1144571088L, -804207324L, -1634346184L, 595875546L, 
1024221072L, 1615113980L, -1319861356L, 609335362L, 415048960L, 
-1228389316L, -1189740208L, -242349918L, -1354933944L, 134547842L, 
-1657562089L, -662148383L, 1684485158L, 164696356L, -242626091L, 
2041220479L, 1235317784L, -870474954L, -1087398461L, -1683213307L, 
-109244510L, 363334544L, -1638297799L, -919340053L, -864326436L, 
1879356682L, -439469057L, -867664311L, 207186910L, 187454348L, 
901419869L, 1018614631L, -1925957488L, 1381033646L, 844858203L, 
-29420739L, 924883370L, 1483568712L, 1386366577L, 1970255843L, 
1368146660L, -47670766L, -691679769L, -555525711L, 1344466934L, 
1628615188L, -2088387291L, -1019785681L, 718420968L, 1068027078L, 
-1126499981L, 970342869L, 2024281522L, 704375680L, 1758719849L, 
-1757027365L, -914928852L, -1973545670L, 706931695L, -1998471559L, 
1878870286L, -241198884L, 2007895885L, 390201015L, -729813952L, 
-346938082L, 1899118571L, -1078492307L, -187543078L, -1164440680L, 
1696641537L, 528360371L, 431211220L, 1246405602L, -236030345L, 
89812929L, -1735258810L, -422011772L, -2022759883L, -1678611937L, 
1557671288L, 986590294L, -1242418973L, 1101272741L, 990239554L, 
-655642320L, 1331628377L, -343340341L, 933458748L, -1070048406L, 
838744479L, 700133417L, 1671989950L, 1015860140L, 268761341L, 
2021946439L, -287632592L, -192834482L, 1368127611L, -155730979L, 
-953359862L, -70613208L, -915629679L, -2060738685L, 1849611396L, 
153424562L, -926890489L, -780646831L, 546373078L, -120106828L, 
-1559851835L, -1568780785L, 34686600L, 1470639014L, 1508172627L, 
-838193995L, -981841390L, 2106197984L, 1133255241L, 1555828859L, 
-1324007092L, 1454658778L, -1048668977L, 821543065L, 300211374L, 
1429498300L, -148680147L, 561391063L, 310078496L, 783667582L, 
151813963L, 313705805L, -481064070L, -504361544L, -1519964319L, 
2139555603L, 1734418228L, 1059114306L, 706740567L, 1354747041L, 
51107174L, -1801472156L, -681937259L, 89042879L, -1812696232L, 
-2002398858L, 1943851907L, -926051899L, -1171540254L, -1245980848L, 
199717497L, 77215147L, 407255836L, -648442806L, -824125377L, 
